11000000101010000000001100000001
11000000101010000000001100000010
11000000101010000000001100000011
11000000101010000000001100000100
11000000101010000000001100000101
11000000101010000000001100000110
11000000101010000000001100000111
11000000101010000000001100001000
11000000101010000000001100001001
11000000101010000000001100001010
11000000101010000000001100001011
11000000101010000000001100001100
11000000101010000000001100001101
11000000101010000000001100001110
11000000101010000000001100001111
11000000101010000000001100010000
11000000101010000000001100010001
11000000101010000000001100010010
11000000101010000000001100010011
11000000101010000000001100010100
11000000101010000000001100010101
11000000101010000000001100010110
11000000101010000000001100010111
11000000101010000000001100011000
11000000101010000000001100011001
11000000101010000000001100011010
11000000101010000000001100011011
11000000101010000000001100011100
11000000101010000000001100011101
11000000101010000000001100011110
11000000101010000000001100011111
11000000101010000000001100100000
11000000101010000000001100100001
11000000101010000000001100100010
11000000101010000000001100100011
11000000101010000000001100100100
11000000101010000000001100100101
11000000101010000000001100100110
11000000101010000000001100100111
11000000101010000000001100101000
11000000101010000000001100101001
11000000101010000000001100101010
11000000101010000000001100101011
11000000101010000000001100101100
11000000101010000000001100101101
11000000101010000000001100101110
11000000101010000000001100101111
11000000101010000000001100110000
11000000101010000000001100110001
11000000101010000000001100110010
11000000101010000000001100110011
11000000101010000000001100110100
11000000101010000000001100110101
11000000101010000000001100110110
11000000101010000000001100110111
11000000101010000000001100111000
11000000101010000000001100111001
11000000101010000000001100111010
11000000101010000000001100111011
11000000101010000000001100111100
11000000101010000000001100111101
11000000101010000000001100111110
11000000101010000000001100111111
11000000101010000000001101000000
11000000101010000000001101000001
11000000101010000000001101000010
11000000101010000000001101000011
11000000101010000000001101000100
11000000101010000000001101000101
11000000101010000000001101000110
11000000101010000000001101000111
11000000101010000000001101001000
11000000101010000000001101001001
11000000101010000000001101001010
11000000101010000000001101001011
11000000101010000000001101001100
11000000101010000000001101001101
11000000101010000000001101001110
11000000101010000000001101001111
11000000101010000000001101010000
11000000101010000000001101010001
11000000101010000000001101010010
11000000101010000000001101010011
11000000101010000000001101010100
11000000101010000000001101010101
11000000101010000000001101010110
11000000101010000000001101010111
11000000101010000000001101011000
11000000101010000000001101011001
11000000101010000000001101011010
11000000101010000000001101011011
11000000101010000000001101011100
11000000101010000000001101011101
11000000101010000000001101011110
11000000101010000000001101011111
11000000101010000000001101100000
11000000101010000000001101100001
11000000101010000000001101100010
11000000101010000000001101100011
11000000101010000000001101100100
11000000101010000000001101100101
11000000101010000000001101100110
11000000101010000000001101100111
11000000101010000000001101101000
11000000101010000000001101101001
11000000101010000000001101101010
11000000101010000000001101101011
11000000101010000000001101101100
11000000101010000000001101101101
11000000101010000000001101101110
11000000101010000000001101101111
11000000101010000000001101110000
11000000101010000000001101110001
11000000101010000000001101110010
11000000101010000000001101110011
11000000101010000000001101110100
11000000101010000000001101110101
11000000101010000000001101110110
11000000101010000000001101110111
11000000101010000000001101111000
11000000101010000000001101111001
11000000101010000000001101111010
11000000101010000000001101111011
11000000101010000000001101111100
11000000101010000000001101111101
11000000101010000000001101111110
11000000101010000000001101111111
11000000101010000000001110000000
11000000101010000000001110000001
11000000101010000000001110000010
11000000101010000000001110000011
11000000101010000000001110000100
11000000101010000000001110000101
11000000101010000000001110000110
11000000101010000000001110000111
11000000101010000000001110001000
11000000101010000000001110001001
11000000101010000000001110001010
11000000101010000000001110001011
11000000101010000000001110001100
11000000101010000000001110001101
11000000101010000000001110001110
11000000101010000000001110001111
11000000101010000000001110010000
11000000101010000000001110010001
11000000101010000000001110010010
11000000101010000000001110010011
11000000101010000000001110010100
11000000101010000000001110010101
11000000101010000000001110010110
11000000101010000000001110010111
11000000101010000000001110011000
11000000101010000000001110011001
11000000101010000000001110011010
11000000101010000000001110011011
11000000101010000000001110011100
11000000101010000000001110011101
11000000101010000000001110011110
11000000101010000000001110011111
11000000101010000000001110100000
11000000101010000000001110100001
11000000101010000000001110100010
11000000101010000000001110100011
11000000101010000000001110100100
11000000101010000000001110100101
11000000101010000000001110100110
11000000101010000000001110100111
11000000101010000000001110101000
11000000101010000000001110101001
11000000101010000000001110101010
11000000101010000000001110101011
11000000101010000000001110101100
11000000101010000000001110101101
11000000101010000000001110101110
11000000101010000000001110101111
11000000101010000000001110110000
11000000101010000000001110110001
11000000101010000000001110110010
11000000101010000000001110110011
11000000101010000000001110110100
11000000101010000000001110110101
11000000101010000000001110110110
11000000101010000000001110110111
11000000101010000000001110111000
11000000101010000000001110111001
11000000101010000000001110111010
11000000101010000000001110111011
11000000101010000000001110111100
11000000101010000000001110111101
11000000101010000000001110111110
11000000101010000000001110111111
11000000101010000000001111000000
11000000101010000000001111000001
11000000101010000000001111000010
11000000101010000000001111000011
11000000101010000000001111000100
11000000101010000000001111000101
11000000101010000000001111000110
11000000101010000000001111000111
11000000101010000000001111001000
11000000101010000000001111001001
11000000101010000000001111001010
11000000101010000000001111001011
11000000101010000000001111001100
11000000101010000000001111001101
11000000101010000000001111001110
11000000101010000000001111001111
11000000101010000000001111010000
11000000101010000000001111010001
11000000101010000000001111010010
11000000101010000000001111010011
11000000101010000000001111010100
11000000101010000000001111010101
11000000101010000000001111010110
11000000101010000000001111010111
11000000101010000000001111011000
11000000101010000000001111011001
11000000101010000000001111011010
11000000101010000000001111011011
11000000101010000000001111011100
11000000101010000000001111011101
11000000101010000000001111011110
11000000101010000000001111011111
11000000101010000000001111100000
11000000101010000000001111100001
11000000101010000000001111100010
11000000101010000000001111100011
11000000101010000000001111100100
11000000101010000000001111100101
11000000101010000000001111100110
11000000101010000000001111100111
11000000101010000000001111101000
11000000101010000000001111101001
11000000101010000000001111101010
11000000101010000000001111101011
11000000101010000000001111101100
11000000101010000000001111101101
11000000101010000000001111101110
11000000101010000000001111101111
11000000101010000000001111110000
11000000101010000000001111110001
11000000101010000000001111110010
11000000101010000000001111110011
11000000101010000000001111110100
11000000101010000000001111110101
11000000101010000000001111110110
11000000101010000000001111110111
11000000101010000000001111111000
11000000101010000000001111111001
11000000101010000000001111111010
11000000101010000000001111111011
11000000101010000000001111111100
11000000101010000000001111111101
11000000101010000000001111111110
